00000000000001000000000000001101
00000000000001000000010000001111
11111111111111111111111111100001
11111111111111111000010000100000
11111111111111111111110000101011
11111111111111111000010000100000
11111111111111111111110001001101
11111111111111111000010000100000
11111111111111111111110001110000
11111111111111111111111111100010
11111111111111111111111111100000
11111111111111111111111111100011
00000000000000001000000000100000
11111111111111111111110000000100
11111111111111111111111111100100
00000000000000001000010000000001
11111111111111111111110000000100
